#1
double data_BC(671, 9)    #
0,0,5.425012,0.0,0.0,2309.0180472979714,79.787494,50.0,18.544583241309518
1,1,5.3999877,0.0,0.0,2262.341285509725,79.80000615,50.0,18.162075869570987
2,2,5.300012,0.0,0.0,2271.5440624472817,79.849994,50.0,18.205417189930078
3,3,5.1,0.0,0.0,2312.0362920477246,79.95,50.0,18.46807112370477
4,4,4.999994,0.0,0.0,2476.560578176892,80.000003,49.99999999999999,19.74928493238324
5,5,4.999994,0.0,0.0,2693.8229274223554,80.000003,50.0,21.48183937831012
6,6,4.8999877,0.0,0.0,2939.7238165917192,80.05000615,50.0,23.403762588279456
7,7,4.8999877,0.0,0.0,3322.976614083866,80.05000615,50.0,26.45491910617281
8,8,4.800012,0.44298247,0.0,3518.235156368086,80.099994,50.0,27.962897659139077
9,9,4.999994,36.149483,42.830067,3330.238849150632,80.000003,50.0,26.55692596592328
10,10,7.300012,83.040344,136.33005,3035.051296309362,78.849994,50.0,25.16772886913837
11,11,9.2000065,98.3639,212.38377,2718.5500974159286,77.89999675,50.0,23.31078539291856
12,12,10.999994,101.06052,286.33627,2492.6128107965,77.000003,50.0,22.08588103703306
13,13,12.6,106.516716,296.36826,2236.119704040759,76.2,50.0,20.418201030358663
14,14,13.6,102.57122,291.5016,2145.5756314743,75.7,50.0,19.972591658204717
15,15,14.300013,86.41253,220.53995,2069.736205933952,75.3499935,50.0,19.53263626582561
16,16,13.800013,54.504807,78.84894,2040.8914146203545,75.5999935,50.0,19.072330412824947
17,17,12.399988,6.9375,3.5527137e-15,2014.0800535894828,76.300006,50.0,18.320806976036927
18,18,11.7000065,0.0,0.0,2031.8584339221093,76.64999675,50.0,18.23979713735337
19,19,11.1,0.0,0.0,2085.4868807538514,76.95,50.0,18.512812853448715
20,20,10.499994,0.0,0.0,2138.7268545570014,77.250003,50.0,18.776406822359505
21,21,9.800013,0.0,0.0,2143.403233025648,77.5999935,50.0,18.578841080826237
22,22,9.2000065,0.0,0.0,2080.7120385177263,77.89999675,50.0,17.841507441945815
23,23,8.499994,0.0,0.0,1937.4594558613871,78.250003,50.0,16.407327349904744
24,24,7.8999877,0.0,0.0,1805.0094450330348,78.55000615,50.0,15.12505598516177
25,25,6.999994,0.0,0.0,1829.2863848421532,79.000003,50.0,15.090630222782131
26,26,6.1,0.0,0.0,1830.149645350493,79.45,50.0,14.867057500349247
27,27,5.1,0.0,0.0,1913.530618897145,79.95,50.0,15.284889639807531
28,28,4.6,0.0,0.0,1974.4322688489187,80.2,50.0,15.640801901588445
29,29,4.1,0.0,0.0,2173.7092689696165,80.45,50.0,17.078034183967883
30,30,3.6,0.0,0.0,2502.1759649901383,80.7,50.0,19.4985892569716
31,31,3.200006,0.0,0.0,2845.728724291373,80.899997,50.0,22.03224633077641
32,32,2.800012,0.2375,0.32291666,3003.8145446141143,81.099994,50.0,23.106625672151008
33,33,2.700006,17.399597,16.547083,2937.00217506983,81.149997,50.0,22.55640985451788
34,34,3.200006,75.81177,77.44697,2730.967976972919,80.899997,50.0,21.14374384196177
35,35,3.8999877,128.44916,139.06554,2551.7346177938957,80.55000615,50.0,19.982412580411868
36,36,4.499994,158.18927,184.6967,2423.8028347955847,80.250003,50.0,19.168829091055137
37,37,4.999994,141.04382,155.67871,2311.691879395608,80.000003,50.0,18.43454264933367
38,38,4.999994,119.13113,119.84577,2263.6397144924717,80.000003,50.0,18.051351579972263
39,39,4.8999877,89.66976,89.39631,2274.5079408077518,80.05000615,50.0,18.10783841372473
40,40,4.6,44.76615,48.0,2284.753375985609,80.2,50.0,18.09906346831022
41,41,4.1,9.301829,14.0,2374.0516939315985,80.45,50.0,18.65205092615236
42,42,3.6,0.0,0.0,2568.443367693759,80.7,50.0,20.01498813719557
43,43,3.200006,0.0,0.0,2700.8733290704854,80.899997,50.0,20.91074457883296
44,44,2.700006,0.0,0.0,2743.817113606365,81.149997,50.00000000000001,21.07273324674128
45,45,2.300012,0.0,0.0,2912.143360928435,81.349994,50.0,22.222811735663512
46,46,1.8999878,0.0,0.0,3033.736312130581,81.5500061,50.0,23.003933344780357
47,47,1.3999878,0.0,0.0,2829.243215510635,81.8000061,50.0,21.284663964327528
48,48,0.9999939,0.0,0.0,2478.5352624785032,82.00000305,49.99999999999999,18.52971760050189
49,49,0.8999878,0.0,0.0,2543.45449191578,82.0500061,50.00000000000001,18.985392201376808
50,50,0.9999939,0.0,0.0,2582.1023708806933,82.00000305,50.0,19.303993157700987
51,51,0.9999939,0.0,0.0,2677.8159054096614,82.00000305,50.0,20.019554800989507
52,52,1.1,0.0,0.0,2761.3257684525734,81.95,50.0,20.676189384224557
53,53,1.2000061,0.0,0.0,2897.1920005618645,81.89999695,50.0,21.727529792309564
54,54,1.2000061,0.0,0.0,3307.5741343394734,81.89999695,50.0,24.80519604161417
55,55,1.3000122,0.0,0.0,3857.408704195896,81.8499939,50.0,28.974104414214437
56,56,1.3999878,1.2434211,0.0,3983.969692464424,81.8000061,50.0,29.97178032743499
57,57,1.7000061,32.045864,46.18138,3829.636255564789,81.64999695,50.0,28.947267319844745
58,58,3.800012,78.136734,137.49432,3509.7968704494283,80.599994,50.0,27.44001593836999
59,59,5.700006,90.328606,223.10606,3244.5422783271324,79.649997,50.0,26.178966786442917
60,60,7.700006,105.27513,283.54636,2979.7819923434986,78.649997,50.0,24.881905060769625
61,61,9.1,125.51897,284.77615,2829.057634368035,77.95,50.0,24.21495694094919
62,62,9.899988,135.01378,210.67322,2681.2383369912272,77.550006,50.0,23.28291972885837
63,63,9.6,92.25,98.92851,2550.0486337973325,77.7,50.0,22.02380800612624
64,64,8.6,29.5,26.077652,2547.9444466610994,78.2,50.0,21.61546410347398
65,65,7.300012,0.0,0.8125,2600.8518160837284,78.849994,50.0,21.567191768916093
66,66,6.300012,0.0,0.0,2701.142512299561,79.349994,50.0,22.017256380202245
67,67,6.1,0.0,0.0,2831.772559958775,79.45,50.0,23.00365196025032
68,68,5.8999877,0.0,0.0,2807.295408898256,79.55000615,50.0,22.72763562398438
69,69,5.700006,0.0,0.0,2765.209380269629,79.649997,50.0,22.31141354119234
70,70,5.3999877,0.0,0.0,2756.674884153265,79.80000615,50.0,22.130586005927
71,71,5.200006,0.0,0.0,2589.3830265185334,79.899997,50.0,20.718049689738336
72,72,4.999994,0.0,0.0,2405.536486319662,80.000003,50.0,19.18290467118052
73,73,4.200006,0.0,0.0,2334.960448928292,80.399997,50.0,18.375099780848995
74,74,3.800012,0.0,0.0,2328.154818217135,80.599994,50.0,18.201795624340697
75,75,3.200006,0.0,0.0,2403.4869859991763,80.899997,50.0,18.60831528891973
76,76,2.800012,0.0,0.0,2443.237158493545,81.099994,50.0,18.79442475928644
77,77,2.4999938,0.0,0.0,2540.1079701339786,81.2500031,50.0,19.445800713150565
78,78,2.200006,0.0,0.0,2713.3401247680013,81.399997,50.0,20.672754579010935
79,79,1.8999878,0.0,0.0,3000.66663440367,81.5500061,50.0,22.75317567044939
80,80,1.7000061,0.0,0.0,3097.4337279728093,81.64999695,50.0,23.41273064741991
81,81,1.7000061,22.893665,22.893665,3014.9947397695883,81.64999695,50.0,22.789594853353687
82,82,2.300012,72.60954,72.60954,2967.2691858474345,81.349994,50.0,22.64348155754945
83,83,2.8999877,104.98718,104.98718,2805.3351674220967,81.05000615,50.0,21.614579138263725
84,84,3.300012,105.75506,105.75506,2677.8067548806907,80.849994,50.0,20.765761755724924
85,85,3.4999938,99.60263,99.60263,2586.467265449603,80.7500031,50.0,20.12266701443252
86,86,3.4999938,94.276924,94.276924,2476.6209165984437,80.7500031,50.000000000000014,19.26806447211161
87,87,3.4999938,69.251205,69.251205,2498.4445004496806,80.7500031,50.0,19.437851546847163
88,88,3.300012,38.352432,38.352432,2493.700334113293,80.849994,49.99999999999999,19.338059751318948
89,89,2.9999938,8.444445,8.444445,2539.5458062677403,81.0000031,50.0,19.598283317743363
90,90,2.6,0.0,0.0,2649.851889925392,81.2,50.0,20.31845701390467
91,91,2.1,0.0,0.0,2794.334230882478,81.45,50.0,21.255994027753307
92,92,1.7000061,0.0,0.0,2918.6904469129827,81.64999695,50.0,22.061654672267835
93,93,1.2000061,0.0,0.0,2987.9712136728363,81.89999695,50.0,22.408329703743995
94,94,0.80001223,0.0,0.0,3021.137262552828,82.099993885,50.00000000000001,22.515895587017848
95,95,0.3999878,0.0,0.0,2884.257069184454,82.3000061,49.99999999999999,21.3626477586003
96,96,-0.100012206,0.0,0.0,2687.0073717308637,82.550006103,49.99999999999999,19.748835930937265
97,97,-0.2999939,0.0,0.0,2721.069800624183,82.64999695,50.0,19.937938662287145
98,98,-0.5000061,0.0,0.0,2775.2496336453432,82.75000305,50.0,20.272832281580804
99,99,-0.6000122,0.0,0.0,2860.4358104727253,82.8000061,50.00000000000001,20.863251827091336
100,100,-0.69998777,0.0,0.0,2886.70592323432,82.849993885,50.0,21.02281983928915
101,101,-0.7999939,0.0,0.0,3003.752086054597,82.89999695,50.00000000000001,21.84197702562472
102,102,-0.7999939,0.0,0.0,3260.204823695284,82.89999695,50.0,23.706789647715595
103,103,-0.9,0.0,0.0,3446.1998202683017,82.95,50.0,25.021235744083043
104,104,-0.9,0.0,0.0,3579.5959714816763,82.95,50.0,25.989762446229797
105,105,-0.7999939,26.850962,30.429506,3412.9132710411136,82.89999695,50.0,24.81721897177061
106,106,0.8999878,88.529106,111.70591,3180.0683594140573,82.0500061,50.00000000000001,23.73734038590533
107,107,2.700006,145.09372,182.86996,3065.213550270166,81.149997,50.0,23.541083393944657
108,108,4.300012,178.39926,229.81636,2940.9647814959503,80.349994,50.0,23.18221516837775
109,109,5.499994,181.06836,241.93025,2779.476353764275,79.750003,50.0,22.351140472686843
110,110,6.300012,158.15234,204.15022,2676.5790712474804,79.349994,50.0,21.817037555478613
111,111,6.499994,115.4375,148.60403,2607.982104230006,79.250003,50.0,21.330567511100387
112,112,6.200006,60.0,80.09672,2572.7460305134928,79.399997,50.0,20.93501849622941
113,113,5.300012,8.15625,11.803279,2686.3648447320347,79.849994,50.0,21.530021596859715
114,114,4.300012,0.0,0.0,2874.000147077291,80.349994,50.0,22.65436506506048
115,115,3.700006,0.0,0.0,3010.0097945220937,80.649997,50.0,23.49422862804874
116,116,3.1,0.0,0.0,3264.215153295179,80.95,50.0,25.231428630026656
117,117,2.3999877,0.0,0.0,3288.212577744697,81.30000615,50.0,25.132701986168176
118,118,1.8000122,0.0,0.0,3213.4173429379266,81.5999939,50.0,24.32785690789187
119,119,1.2000061,0.0,0.0,2994.880163003549,81.89999695,50.0,22.460143460784423
120,120,0.6,0.0,0.0,2705.936161424282,82.2,50.0,20.10413505174212
121,121,-0.100012206,0.0,0.0,2731.2906997319856,82.550006103,50.0,20.074307378604605
122,122,-1.0000061,0.0,0.0,2878.959922447999,83.00000305,50.0,20.87110088706925
123,123,-1.7999939,0.0,0.0,2979.667320827778,83.39999695,50.0,21.34248913362156
124,124,-2.299994,0.0,0.0,3103.3450228100746,83.649997,50.0,22.063212634157992
125,125,-2.699988,0.0,0.0,3347.0802726215607,83.849994,49.99999999999999,23.655451972184466
126,126,-3.199988,0.0,0.0,3707.227481934283,84.099994,50.0,26.008700376268003
127,127,-3.5000062,0.0,0.0,4279.990361279205,84.2500031,50.0,29.8955050039692
128,128,-3.799994,1.4626288,0.0,4487.801313535716,84.399997,50.0,31.21037126483929
129,129,-3.699988,40.27601,58.308994,4301.313578052054,84.349994,49.99999999999999,29.95698884529041
130,130,-1.4,62.731102,175.18645,3986.7445725450616,83.2,50.0,28.727910968359524
131,131,0.80001223,51.19596,279.3276,3715.462467996131,82.099993885,50.0,27.690554157805888
132,132,2.700006,53.664658,342.6533,3409.6856346541967,81.149997,50.0,26.186656347468777
133,133,4.200006,68.38214,367.58914,3163.312817345763,80.399997,50.0,24.893864340805383
134,134,5.1,71.84671,325.77957,3082.099326472396,79.95,50.0,24.61917651007177
135,135,5.300012,61.141876,218.45337,2911.517484288673,79.849994,50.0,23.334520044548388
136,136,4.6,48.183346,106.412254,2907.5505558828418,80.2,50.0,23.032657529411907
137,137,3.200006,14.115566,15.146484,2992.1810353450014,80.899997,50.0,23.16611174995775
138,138,1.7000061,0.0,0.0,3245.9918570076434,81.64999695,50.0,24.535644571022587
139,139,1.3999878,0.0,0.0,3413.393569104273,81.8000061,50.0,25.67928225402435
140,140,1.1,0.0,0.0,3452.687498201315,81.95,50.0,25.852951293523184
141,141,0.80001223,0.0,0.0,3435.996452489984,82.099993885,50.0,25.607753186379885
142,142,0.4999939,0.0,0.0,3318.781872609676,82.25000305,49.99999999999999,24.61912806454072
143,143,0.2000061,0.0,0.0,3047.634515171146,82.39999695,50.0,22.50306280688976
144,144,-0.100012206,0.0,0.0,2781.754138669019,82.550006103,50.0,20.44520110467443
145,145,-0.1999878,0.0,0.0,2795.5866980748838,82.5999939,50.0,20.51536106184548
146,146,-0.1999878,0.0,0.0,2937.1163088517706,82.5999939,50.0,21.553973481925222
147,147,-0.1999878,0.0,0.0,2999.19266385573,82.5999939,50.0,22.009519660187745
148,148,-0.1999878,0.0,0.0,3071.5024985082014,82.5999939,49.99999999999999,22.54016403878609
149,149,-0.1999878,0.0,0.0,3248.271415841142,82.5999939,50.0,23.83737945553353
150,150,-0.1999878,0.0,0.0,3553.141548642451,82.5999939,50.0,26.07466326279255
151,151,-0.100012206,0.0,0.0,3933.819503843971,82.550006103,50.0,28.912595023247697
152,152,-0.100012206,0.4090909,0.4090909,4139.321603015889,82.550006103,50.0,30.42298434435892
153,153,0.1,8.599061,8.599061,4057.56976500535,82.45,50.0,29.914036058458343
154,154,0.6,33.92454,33.92454,3903.349958856989,82.2,50.0,29.000490050647784
155,155,1.2000061,43.789185,43.74888,3599.902883558188,81.89999695,50.0,26.997519369362703
156,156,1.4999939,35.502502,35.537075,3249.8864910080765,81.75000305,50.0,24.48770808736229
157,157,1.6,94.601006,152.8976,3103.041239185414,81.7,50.0,23.41811872055163
158,158,3.700006,133.0419,238.21819,3015.988493951248,80.649997,50.0,23.540894566326607
159,159,4.700006,94.59105,166.79056,2961.1678217195363,80.149997,50.0,23.496299335564043
160,160,5.1,53.31597,88.05787,2927.931355233729,79.95,50.0,23.387714414244865
161,161,4.700006,10.225695,13.81713,3024.4157293808344,80.149997,50.0,23.99815936519756
162,162,3.9999938,0.0,0.0,3208.1955353021417,80.5000031,50.0,25.164289036185465
163,163,3.4999938,0.0,0.0,3292.561374162831,80.7500031,50.0,25.616065991596432
164,164,3.1,0.0,0.0,3319.441870485021,80.95,50.0,25.658315004792577
165,165,2.6,0.0,0.0,3293.620618236477,81.2,50.0,25.25472808732423
166,166,2.200006,0.0,0.0,3233.2300243118416,81.399997,50.0,24.63376050055769
167,167,1.7000061,0.0,0.0,3007.008811626504,81.64999695,50.0,22.729231210091488
168,168,1.3000122,0.0,0.0,2704.9581457463946,81.8499939,49.99999999999999,20.317717348873312
169,169,0.6,0.0,0.0,2670.950746116625,82.2,50.0,19.844205965382525
170,170,-0.1999878,0.0,0.0,2701.0864457259418,82.5999939,49.99999999999999,19.821872715120588
171,171,-0.9,0.0,0.0,2768.869620704916,82.95,50.0,20.10345979267497
172,172,-1.2999939,0.0,0.0,2987.892010999013,83.14999695,50.00000000000001,21.56279840007456
173,173,-1.6999878,0.0,0.0,3283.5921328361496,83.3499939,50.0,23.554677685798165
174,174,-2.1000123,0.0,0.0,3632.8815993543903,83.55000615,50.0,25.90492611482152
175,175,-2.299994,0.0,0.0,4172.56552801105,83.649997,50.00000000000001,29.664829336670145
176,176,-2.6000123,3.987705,0.95,4470.827212576764,83.80000615,50.00000000000001,31.64425128887911
177,177,-2.1000123,41.512295,56.551105,4254.4804720641305,83.55000615,50.0,30.337350467287006
178,178,-0.4,77.59665,181.42041,3933.850802242359,82.7,50.00000000000001,28.780202816984616
179,179,1.4999939,114.807335,235.54106,3582.8877116150165,81.75000305,50.0,26.99685316228109
180,180,2.300012,153.20018,195.43663,3365.463473414916,81.349994,50.0,25.6821357685865
181,181,2.4999938,151.61574,270.88406,3101.9587002389835,81.2500031,50.0,23.74704989492602
182,182,3.6,139.91302,283.1147,3075.6762537614045,80.7,50.0,23.967678052471086
183,183,3.6,75.660034,103.47551,3072.859721095246,80.7,50.0,23.94572979049644
184,184,2.3999877,25.98203,19.51869,3137.550074740307,81.30000615,50.0,23.981147547708904
185,185,1.4999939,13.440625,14.818791,3167.636544156409,81.75000305,50.0,23.86795946097874
186,186,0.4999939,0.284375,0.2890625,3268.3030519061217,82.25000305,50.0,24.24467002567281
187,187,0.1,0.0,0.0,3423.252474240225,82.45,50.0,25.237593900371017
188,188,-0.2999939,0.0,0.0,3563.787576390401,82.64999695,50.0,26.11273628011809
189,189,-0.69998777,0.0,0.0,3589.910199546592,82.849993885,50.0,26.14399851292663
190,190,-1.1000122,0.0,0.0,3467.3541196714364,83.0500061,50.0,25.098650585281423
191,191,-1.6000122,0.0,0.0,3171.291866381805,83.3000061,50.0,22.783247018223285
192,192,-2.0000062,0.0,0.0,2891.274507932769,83.5000031,50.0,20.647534388216947
193,193,-2.199988,0.0,0.0,2928.346603074166,83.599994,50.00000000000001,20.8500450415335
194,194,-2.5000062,0.0,0.0,2918.5945163568367,83.7500031,50.00000000000001,20.688245601832723
195,195,-2.699988,0.0,0.0,3026.6933402933405,83.849994,50.0,21.39112095144392
196,196,-2.9,0.0,0.0,3076.8329854037265,83.95,49.99999999999999,21.68142698877272
197,197,-3.0000062,0.0,0.0,3354.501438974077,84.0000031,50.0,23.603300964836077
198,198,-3.1000123,0.0,0.0,3843.105776204483,84.05000615,50.0,27.001560343116097
199,199,-3.199988,0.0,0.0,4356.005650501886,84.099994,50.0,30.560316666114492
200,200,-3.199988,0.05882353,0.0,4535.66219123584,84.099994,50.0,31.820728432415983
201,201,-3.1000123,20.141176,25.124758,4346.341597981254,84.05000615,50.00000000000001,30.53728202235205
202,202,-1.9,83.75833,90.222595,3944.9047426799457,83.45,49.99999999999999,28.2139645881516
203,203,-0.5000061,136.51167,145.89534,3603.536784366559,82.75000305,50.0,26.32336059585839
204,204,0.6,161.2158,176.0393,3356.1604693780355,82.2,50.0,24.93506842237537
205,205,1.3999878,164.53534,179.72946,3144.076097136904,81.8000061,50.0,23.65318147233068
206,206,1.8999878,152.18326,162.66116,3031.535839374001,81.5500061,50.0,22.987247804769197
207,207,2.1,109.78877,114.16439,3008.197450440562,81.45,50.0,22.88281277672132
208,208,1.8000122,55.952652,56.65953,2985.776463151317,81.5999939,50.0,22.60445339107012
209,209,1.1,7.8541665,7.717742,3078.5204782354285,81.95,50.0,23.05127238459785
210,210,0.3000122,0.0,0.0,3319.396048587161,82.3499939,50.0,24.54757455833118
211,211,-0.100012206,0.0,0.0,3468.9667952534155,82.550006103,50.0,25.496043222687103
212,212,-0.6000122,0.0,0.0,3493.059728494728,82.8000061,50.0,25.47744105840045
213,213,-1.0000061,0.0,0.0,3687.165115856794,83.00000305,50.0,26.73020715581689
214,214,-1.5000061,0.0,0.0,3817.118757796232,83.25000305,50.0,27.46424727599772
215,215,-1.9,0.0,0.0,3512.906190154545,83.45,50.0,25.12431029784184
216,216,-2.4,0.0,0.0,3026.372328556362,83.7,50.0,21.48405100277116
217,217,-2.9,0.0,0.0,3102.10909319015,83.95,50.00000000000001,21.85953938165576
218,218,-3.4,0.0,0.0,3148.530401190129,84.2,50.0,22.02447187379424
219,219,-4.000006,0.0,0.0,3273.3117489613005,84.500003,50.0,22.69822803082672
220,220,-4.199988,0.0,0.0,3381.901525248734,84.599994,50.00000000000001,23.383453492447856
221,221,-4.500006,0.0,0.0,3563.090447397061,84.750003,50.0,24.52989666305571
222,222,-4.799994,0.0,0.0,4098.237394639267,84.899997,50.0,28.09282671558736
223,223,-4.9,0.0,0.0,4817.089060137617,84.95,49.21268661125561,32.24679030051496
224,224,-5.1000123,1.7678572,0.0,4994.6313497375,85.05000615,47.98254489802466,32.23549286501634
225,225,-4.9,41.340096,54.798912,4813.8600990539335,84.95,49.23689789947687,32.247021521146515
226,226,-2.4,63.675648,177.25465,4414.537902086173,83.7,50.0,31.33856219446973
227,227,0.2000061,52.85864,285.5126,4079.850847648254,82.39999695,50.0,30.124721127269204
228,228,2.4999938,55.538315,345.35428,3746.488827777185,81.2500031,50.0,28.68125133876004
229,229,4.1,57.444443,363.91608,3564.660019844361,80.45,50.0,28.00622260859328
230,230,5.200006,51.764706,336.1832,3383.1948345073624,79.899997,50.0,27.069459393819777
231,231,5.700006,44.485294,249.12965,3211.3960949249367,79.649997,50.0,25.91152295001036
232,232,5.200006,36.300674,137.12454,3204.939433323369,79.899997,50.0,25.6432106614491
233,233,3.8999877,11.824325,25.101065,3268.187646363805,80.55000615,50.0,25.592894137364237
234,234,2.200006,0.0,0.0,3399.869437824957,81.399997,50.0,25.90337490212171
235,235,1.7000061,0.0,0.0,3575.0507732588285,81.64999695,50.0,27.022919021398994
236,236,1.2000061,0.0,0.0,3543.9979127958604,81.89999695,50.0,26.578259300461127
237,237,0.7000061,0.0,0.0,3491.780986978893,82.14999695,50.0,25.98302900010068
238,238,0.2000061,0.0,0.0,3485.468854307228,82.39999695,49.99999999999999,25.735935247317222
239,239,-0.2999939,0.0,0.0,3266.086043958833,82.64999695,50.0,23.931404918486734
240,240,-0.7999939,0.0,0.0,3025.061639691116,82.89999695,50.0,21.996930819287
241,241,-1.2999939,0.0,0.0,2946.6736971309524,83.14999695,49.99999999999999,21.265337116649235
242,242,-1.7999939,0.0,0.0,2942.986288251137,83.39999695,49.99999999999999,21.079753581331936
243,243,-2.199988,0.0,0.0,3044.3307441797683,83.599994,50.0,21.67586073002361
244,244,-2.4,0.0,0.0,3079.689286745759,83.7,50.0,21.86254516168386
245,245,-2.6000123,0.0,0.0,3190.6393283609414,83.80000615,49.99999999999999,22.58315695914416
246,246,-2.9,0.0,0.0,3415.753337936251,83.95,50.0,24.069686901905072
247,247,-3.0000062,0.0,0.0,3789.780917829892,84.0000031,50.0,26.66606088017925
248,248,-3.1000123,0.51623374,0.0,3905.1375717188175,84.05000615,50.0,27.437394110727453
249,249,-3.0000062,37.818035,38.2554,3781.1631270399303,84.0000031,50.0,26.605423461067087
250,250,-0.9,75.5199,154.35834,3689.225439328062,82.95,50.0,26.78573044070007
251,251,1.4999939,84.0317,251.72694,3433.7766468067503,81.75000305,49.99999999999999,25.87330985154596
252,252,3.4999938,91.286,315.16666,3216.846434959198,80.7500031,50.0,25.027005178817173
253,253,5.1,95.467834,327.15463,3042.4723102275766,79.95,50.00000000000001,24.302644041724854
254,254,5.999994,102.813416,282.40417,2847.60932820112,79.500003,50.0,23.093090897848995
255,255,6.300012,89.58411,206.80098,2817.3964770680977,79.349994,50.0,22.96485293827678
256,256,5.8999877,50.005447,109.48438,2761.789159154592,79.55000615,50.0,22.35922072204361
257,257,4.700006,12.957317,17.280823,2776.1884596128293,80.149997,50.0,22.028523537420664
258,258,3.300012,0.0,0.0,2873.236370973607,80.849994,50.0,22.28127247747567
259,259,2.4999938,0.0,0.0,3009.516734610445,81.2500031,50.0,23.039360276106525
260,260,1.6,0.0,0.0,3128.156299359773,81.7,50.0,23.607657761609083
261,261,0.80001223,0.0,0.0,3189.4766287756825,82.099993885,50.0,23.770493198334503
262,262,-6.1035157e-06,0.0,0.0,3216.5835169764086,82.50000305175784,50.00000000000001,23.677462016477502
263,263,-0.9,0.0,0.0,3065.6595889637765,82.95,50.0,22.2583121371643
264,264,-1.6999878,0.0,0.0,2852.450981055588,83.3499939,49.99999999999999,20.461909017692182
265,265,-2.699988,0.0,0.0,2901.5872249777967,83.849994,50.0,20.506934896367486
266,266,-3.699988,0.0,0.0,2977.2708062806423,84.349994,50.0,20.735541995417535
267,267,-4.799994,0.0,0.0,3096.1322502443763,84.899997,50.0,21.22354037089957
268,268,-5.4,0.0,0.0,3148.8104050000184,85.2,50.00000000000001,21.40067967730548
269,269,-6.1000123,0.0,0.0,3307.0969796361373,85.55000615,50.0,22.25517269646776
270,270,-6.699988,0.0,0.0,3635.522815149547,85.849994,50.0,24.26059821028175
271,271,-7.1000123,0.0,0.0,3889.1034153486257,86.05000615,50.0,25.80880324298204
272,272,-7.6000123,0.0,0.0,4088.777557606831,86.30000615,49.99999999999999,26.94700505410898
273,273,-7.500006,30.133404,28.49014,3931.0005233438583,86.250003,50.0,25.942915017453902
274,274,-6.9,81.670166,83.03867,3702.319060520482,85.95,50.0,24.637615112167225
275,275,-6.199988,122.70363,125.19599,3621.870396820917,85.599994,49.99999999999999,24.339222402348085
276,276,-5.6000123,154.66136,184.75722,3534.6082095875868,85.30000615,50.0,23.95467146797002
277,277,-4.9,178.72157,209.73601,3396.5111186177805,84.95,50.0,23.24928379310006
278,278,-4.500006,158.14612,191.65141,3329.1274104451363,84.750003,50.0,22.91919123636692
279,279,-4.299994,116.38636,168.11325,3299.311671801988,84.649997,50.0,22.779482849387264
280,280,-4.4,71.88426,115.47802,3305.899410999619,84.7,50.0,22.792075693225726
281,281,-4.9,21.462963,33.7406,3510.8768094431057,84.95,49.99999999999999,24.03212250886848
282,282,-5.699988,0.0,0.0,3817.959835149753,85.349994,50.00000000000001,25.83840665915684
283,283,-5.9,0.0,0.0,4046.670346139357,85.45,50.0,27.308969072548823
284,284,-6.1000123,0.0,0.0,4440.787263901266,85.55000615,50.0,29.884363257248964
285,285,-6.299994,0.0,0.0,4489.377401309589,85.649997,49.99999999999999,30.12661494391472
286,286,-6.500006,0.0,0.0,4383.6147855581285,85.750003,50.0,29.33458973936743
287,287,-6.699988,0.0,0.0,4058.835397752556,85.849994,50.0,27.085450922274934
288,288,-6.9,0.0,0.0,3626.212114539997,85.95,50.0,24.13115048505697
289,289,-6.500006,0.0,0.0,3660.0374042716167,85.750003,50.0,24.4925024066359
290,290,-6.199988,0.0,0.0,3839.061213642231,85.599994,50.0,25.798759883038063
291,291,-5.6000123,0.0,0.0,3928.974524991401,85.30000615,50.0,26.62736246039954
292,292,-5.299994,0.0,0.0,4026.3673461949625,85.149997,50.0,27.403865115597757
293,293,-5.000006,0.0,0.0,4279.056847209577,85.000003,50.0,29.248506359762864
294,294,-4.9,0.0,0.0,4685.122171930722,84.95,49.99999999999999,32.069889123428
295,295,-4.799994,0.0,0.0,5344.529537432301,84.899997,45.20730009604128,32.212363554219856
296,296,-4.500006,0.0,0.0,5514.036888201591,84.750003,43.78467119290194,32.20155977550027
297,297,-4.199988,9.5,9.5,5194.090645289434,84.599994,46.03203172483792,32.2185913963518
298,298,-3.4,24.5,24.5,4764.27327833901,84.2,48.85050506739803,32.24312818122225
299,299,-2.699988,38.583332,38.583332,4421.471766912,83.849994,50.0,31.24870170700629
300,300,-2.1000123,45.401043,45.401043,4056.6449751797104,83.55000615,50.00000000000001,28.92664830441149
301,301,-1.6000122,48.421875,48.421875,3776.5659010907034,83.3000061,50.0,27.131666661547666
302,302,-1.2999939,46.86298,46.86298,3706.550732147838,83.14999695,50.0,26.749161583731325
303,303,-1.1000122,36.003498,36.003498,3519.364592527301,83.0500061,50.00000000000001,25.47513150990885
304,304,-1.0000061,20.571022,20.571022,3530.1940453491343,83.00000305,50.0,25.59224096762109
305,305,-1.5000061,4.03125,4.03125,3640.382311009952,83.25000305,50.0,26.192624938519813
306,306,-2.0000062,0.0,0.0,3951.042417573161,83.5000031,50.0,28.21568272480428
307,307,-2.1000123,0.0,0.0,4147.59336366556,83.55000615,50.0,29.57517240836431
308,308,-2.199988,0.0,0.0,4177.981546120823,83.599994,50.0,29.747538535180915
309,309,-1.7999939,0.0,0.0,4129.066373496808,83.39999695,50.0,29.575299763289014
310,310,-1.9,0.0,0.0,3954.853298666498,83.45,50.0,28.28511667536706
311,311,-2.5000062,0.0,0.0,3598.23795603352,83.7500031,50.0,25.505848843017755
312,312,-3.4,0.0,0.0,3259.59606161333,84.2,50.0,22.801393866737527
313,313,-2.1000123,0.0,0.0,3262.395642919683,83.55000615,50.00000000000001,23.26310830008028
314,314,-2.5000062,0.0,0.0,3418.8321436407564,83.7500031,50.00000000000001,24.23414375059169
315,315,-2.799994,0.0,0.0,3480.6987972885154,83.899997,50.0,24.56351431394748
316,316,-3.0000062,0.0,0.0,3549.4891125455106,84.0000031,50.0,24.97529403965417
317,317,-3.199988,0.0,0.0,3745.7019322071046,84.099994,50.0,26.278624586250757
318,318,-3.299994,0.0,0.0,4102.13090503602,84.149997,50.0,28.737075142727644
319,319,-3.4,0.0,0.0,4550.9541507059375,84.2,50.0,31.834649477503124
320,320,-3.6000123,0.0,0.0,4791.849700504112,84.30000615,48.74483241695742,32.24215792176052
321,321,-3.5000062,21.0,21.0,4695.753477101449,84.2500031,49.41482795872842,32.24861062850278
322,322,-2.799994,59.0,59.0,4511.646999307341,83.899997,49.99999999999999,31.83898179678601
323,323,-2.0000062,94.53571,94.53571,4148.3760700848425,83.5000031,50.0,29.62490670717204
324,324,-1.4,114.90347,114.90347,3727.573167483533,83.2,50.00000000000001,26.860358905599902
325,325,-0.9,121.01081,121.01081,3545.054373394846,82.95,50.0,25.738972151475306
326,326,-0.6000122,111.55,111.55,3458.8046954166894,82.8000061,50.0,25.227594032001228
327,327,-0.5000061,83.265,83.265,3419.497997856496,82.75000305,50.0,24.97898155081967
328,328,-0.6000122,46.587273,46.587273,3409.502380419255,82.8000061,50.0,24.86799616594036
329,329,-1.0000061,8.897727,8.897727,3554.9837792864814,83.00000305,50.0,25.77195484065412
330,330,-1.5000061,0.0,0.0,3804.846089565017,83.25000305,50.0,27.37594517789036
331,331,-1.9,0.0,0.0,3930.181704195505,83.45,50.0,28.10866539500865
332,332,-2.4,0.0,0.0,3983.5617143644654,83.7,50.0,28.279085899822988
333,333,-2.799994,0.0,0.0,3966.5161910889688,83.899997,50.0,27.991958773398625
334,334,-3.299994,0.0,0.0,3904.3798438388458,84.149997,50.0,27.35174950667814
335,335,-3.699988,0.0,0.0,3627.27889819088,84.349994,50.0,25.262597464719533
336,336,-4.500006,0.0,0.0,3254.667917469483,84.750003,50.0,22.40657902647745
337,337,-4.500006,0.0,0.0,3224.0810931492297,84.750003,50.0,22.196005747212254
338,338,-4.9,0.0,0.0,3260.369064579017,84.95,50.0,22.317384812062464
339,339,-5.299994,0.0,0.0,3338.270040393557,85.149997,49.99999999999999,22.720604962395907
340,340,-5.500006,0.0,0.0,3593.9390893126065,85.250003,50.0,24.391318222168884
341,341,-5.799994,0.0,0.0,3942.7607231692136,85.399997,50.0,26.645318420387007
342,342,-6.000006,0.0,0.0,4361.833443387948,85.500003,50.0,29.394386918136902
343,343,-6.199988,0.0,0.0,5012.309003072041,85.599994,48.40599816869469,32.23953112807533
344,344,-6.4,0.0,0.0,5355.977458422323,85.7,45.9302146327608,32.218788921406684
345,345,-6.299994,23.366667,22.676271,5080.005028526229,85.649997,47.948951992690894,32.23550454757372
346,346,-5.299994,76.63701,77.20498,4693.659219746094,85.149997,50.00000000000001,31.94552138370029
347,347,-4.299994,122.941635,124.59375,4282.094091439468,84.649997,50.0,29.564920995212383
348,348,-3.5000062,155.29774,160.07143,4032.356924242867,84.2500031,50.0,28.16579861886948
349,349,-2.699988,159.99445,167.64915,3714.005962025157,83.849994,50.0,26.24869513221453
350,350,-2.299994,140.3875,144.11562,3702.444268943173,83.649997,50.0,26.322505094146663
351,351,-2.199988,109.21336,110.876755,3717.26309164041,83.599994,50.0,26.46718896273004
352,352,-2.4,62.795567,63.988018,3801.840596873439,83.7,50.00000000000001,26.989057663832583
353,353,-3.0000062,12.553572,12.42402,3836.8468375654734,84.0000031,50.0,26.99723112676156
354,354,-3.699988,0.0,0.0,3955.088730407972,84.349994,50.00000000000001,27.54566641770466
355,355,-3.799994,0.0,0.0,4137.2522812253865,84.399997,50.0,28.772481376100902
356,356,-3.9,0.0,0.0,4295.909659941771,84.45,50.0,29.832498801687287
357,357,-4.1000123,0.0,0.0,4307.792707816303,84.55000615,50.0,29.82842936882868
358,358,-4.199988,0.0,0.0,4131.749381161536,84.599994,50.0,28.56812026474813
359,359,-4.299994,0.0,0.0,3740.330316973617,84.649997,50.0,25.824413932985134
360,360,-4.4,0.0,0.0,3372.7474097337754,84.7,50.00000000000001,23.25295016569761
361,361,-4.299994,0.0,0.0,3398.0736933501903,84.649997,50.0,23.461366829993235
362,362,-4.199988,0.0,0.0,3366.422795023441,84.599994,50.0,23.276429037228493
363,363,-4.1000123,0.0,0.0,3468.5780108431745,84.55000615,50.0,24.017458876092192
364,364,-4.1000123,0.0,0.0,3498.2662290833077,84.55000615,50.0,24.223028870037204
365,365,-4.000006,0.0,0.0,3788.8874630111086,84.500003,50.0,26.27340082894849
366,366,-3.9,0.0,0.0,4317.167856816232,84.45,50.0,29.98012414369505
367,367,-3.799994,0.0,0.0,4865.031965938349,84.399997,48.29718410570677,32.238021143880765
368,368,-3.699988,0.0,0.0,5028.53150754446,84.349994,47.02068739763597,32.226635793869455
369,369,-3.6000123,7.0,7.0,4783.466381711818,84.30000615,48.80769195756453,32.24275378532088
370,370,-3.199988,17.0,17.0,4320.576517733908,84.099994,50.0,30.3117574117273
371,371,-2.9,26.257576,26.254902,3942.1628711426047,83.95,50.0,27.77912121782388
372,372,-2.6000123,32.041035,32.094303,3677.7308004118618,83.80000615,50.0,26.030761666141046
373,373,-2.4,97.77045,140.2315,3456.894839067429,83.7,49.99999999999999,24.540306667807904
374,374,-0.2999939,176.21616,224.37589,3329.119531289932,82.64999695,50.00000000000001,24.393266574438822
375,375,0.8999878,133.789,167.6385,3293.1277172102755,82.0500061,50.0,24.58126201163893
376,376,1.3999878,75.48307,95.417046,3251.1060242260137,81.8000061,50.0,24.458377724009942
377,377,1.1,15.692708,18.237846,3333.77750593962,81.95,50.0,24.96257988288833
378,378,0.3999878,0.0,0.0,3577.479987796632,82.3000061,50.0,26.49709890954718
379,379,0.3999878,0.0,0.0,3714.053150258582,82.3000061,50.0,27.50864687249547
380,380,0.3000122,0.0,0.0,3709.3588198149496,82.3499939,50.0,27.431424530304845
381,381,0.2000061,0.0,0.0,3884.295557043436,82.39999695,50.00000000000001,28.68078388190937
382,382,0.1,0.0,0.0,3984.592427666423,82.45,50.00000000000001,29.37601777977473
383,383,-6.1035157e-06,0.0,0.0,3628.765178960561,82.50000305175784,50.0,26.711555673306343
384,384,-6.1035157e-06,0.0,0.0,3090.431608277433,82.50000305175784,49.99999999999999,22.74885033555529
385,385,-0.2999939,0.0,0.0,3137.531375952461,82.64999695,50.0,22.98945367384252
386,386,-0.6000122,0.0,0.0,3153.6427319617296,82.8000061,50.00000000000001,23.00182449426136
387,387,-0.9,0.0,0.0,3245.864515812526,82.95,50.0,23.566695339557004
388,388,-1.1000122,0.0,0.0,3322.78754153146,83.0500061,50.0,24.052196745894264
389,389,-1.1999878,0.0,0.0,3468.5281300132788,83.0999939,50.0,25.069231769963068
390,390,-1.2999939,0.0,0.0,3951.37511905472,83.14999695,50.0,28.515992138136085
391,391,-1.4,0.0,0.0,4602.085551993152,83.2,49.05567830881691,32.24481700766516
392,392,-1.5000061,0.0,0.0,4733.822625342814,83.25000305,48.11844173559536,32.235784823335074
393,393,-1.4,23.378788,22.56323,4533.228444985594,83.2,49.571980370265095,32.25002318355459
394,394,-0.2999939,82.02399,82.933014,4152.65971161879,82.64999695,50.0,30.427545297299652
395,395,0.8999878,137.05556,158.85515,3850.2244534403553,82.0500061,50.0,28.739661568246863
396,396,2.4999938,174.32191,204.10481,3552.89836816318,81.2500031,50.0,27.19921925906753
397,397,3.4999938,185.70395,220.45584,3400.275365160809,80.7500031,50.0,26.45407882964839
398,398,4.300012,169.381,194.96793,3247.6206589575368,80.349994,50.0,25.599436407710694
399,399,4.3999877,122.28064,127.65476,3105.2079032869515,80.30000615,50.0,24.51724598529939
400,400,4.1,65.59028,67.0,3116.6780551287743,80.45,50.0,24.486593090318067
401,401,3.300012,10.597222,10.104167,3189.81903494098,80.849994,49.99999999999999,24.736296598972483
402,402,2.3999877,0.0,0.0,3320.5851341172315,81.30000615,50.0,25.3801342286418
403,403,2.1,0.0,0.0,3491.831949097358,81.45,50.0,26.56173275037736
404,404,1.8999878,0.0,0.0,3459.1872169391227,81.5500061,50.0,26.230002867223057
405,405,1.6,0.0,0.0,3404.0788918881744,81.7,50.0,25.689998127542708
406,406,1.3999878,0.0,0.0,3390.37884215764,81.8000061,50.0,25.50614028920341
407,407,1.1,0.0,0.0,3170.0692922817134,81.95,50.0,23.73676941604116
408,408,0.80001223,0.0,0.0,2929.2005458709277,82.099993885,50.0,21.83071072664054
409,409,0.6,0.0,0.0,2841.4825363247533,82.2,50.0,21.11119599635021
410,410,0.3000122,0.0,0.0,2826.0251473052467,82.3499939,50.0,20.899001502614105
411,411,0.1,0.0,0.0,2909.397060121664,82.45,50.0,21.449245140640837
412,412,-6.1035157e-06,0.0,0.0,2932.4749531593297,82.50000305175784,49.99999999999999,21.586122030174824
413,413,-0.1999878,0.0,0.0,3027.6493896364213,82.5999939,50.0,22.2183488138072
414,414,-0.2999939,0.0,0.0,3225.0474962870403,82.64999695,50.0,23.63070552221184
415,415,-0.2999939,0.0,0.0,3558.443386079847,82.64999695,49.99999999999999,26.073578101012576
416,416,-0.4,0.0,0.0,3651.770085737333,82.7,50.0,26.71648951419554
417,417,-0.100012206,32.175,45.32707,3523.191469750711,82.550006103,50.0,25.894581094716
418,418,1.8999878,97.79879,133.29945,3425.370979232339,81.5500061,50.0,25.973584247362258
419,419,3.700006,155.93486,196.1914,3185.4219872679914,80.649997,49.99999999999999,24.863385023492896
420,420,5.1,190.88385,240.41985,2986.425540495835,79.95,50.0,23.85495395432447
421,421,6.300012,196.83377,251.70523,2828.847206927985,79.349994,50.0,23.05818887072669
422,422,6.999994,171.56122,201.47404,2653.503615521892,79.000003,50.0,21.8899797147463
423,423,6.999994,123.5,134.33952,2630.369729486625,79.000003,50.0,21.69913757943771
424,424,6.3999877,70.5,71.75263,2585.927328140572,79.30000615,50.0,21.114087768511823
425,425,5.499994,16.477272,17.725,2602.935313431212,79.750003,50.0,20.93148687990323
426,426,4.499994,0.0,0.0,2692.7770905641705,80.250003,50.0,21.296032452939404
427,427,4.1,0.0,0.0,2815.0425266506163,80.45,50.0,22.1167536918363
428,428,3.700006,0.0,0.0,2916.256799605102,80.649997,50.0,22.76245217298448
429,429,3.200006,0.0,0.0,2962.7315852023053,80.899997,50.0,22.938107747218044
430,430,2.800012,0.0,0.0,2974.7975157033384,81.099994,50.0,22.883414280368683
431,431,2.3999877,0.0,0.0,2823.122318050283,81.30000615,50.0,21.577890787925494
432,432,1.9999939,0.0,0.0,2616.0930632622512,81.50000305,50.0,19.86855631471122
433,433,1.4999939,0.0,0.0,2636.52723039884,81.75000305,50.0,19.866081280384044
434,434,0.9999939,0.0,0.0,2681.079985459249,82.00000305,50.0,20.04395731099609
435,435,0.4999939,0.0,0.0,2760.044008874545,82.25000305,50.0,20.47434255292572
436,436,0.3000122,0.0,0.0,2785.526116182983,82.3499939,50.00000000000001,20.599503349497645
437,437,-6.1035157e-06,0.0,0.0,2899.9940884900243,82.50000305175784,49.99999999999999,21.347028459182223
438,438,-0.1999878,0.0,0.0,3148.388308751278,82.5999939,49.99999999999999,23.104389129267265
439,439,-0.4,0.0,0.0,3330.837316177729,82.7,50.0,24.368533106373214
440,440,-0.6000122,2.4691558,0.17307693,3465.5764955423906,82.8000061,50.0,25.276985726381497
441,441,-0.1999878,44.777466,61.915287,3307.4866651307616,82.5999939,49.99999999999999,24.271929462650203
442,442,2.4999938,81.58724,174.36325,3073.189776290837,81.2500031,50.0,23.526809350663672
443,443,4.800012,90.02501,264.5484,2948.196016639048,80.099994,50.00000000000001,23.43223230634277
444,444,6.8999877,114.474464,320.90625,2810.744042021145,79.05000615,50.0,23.147217279032443
445,445,8.399988,113.203705,333.8892,2638.080066916237,78.300006,50.0,22.301042382589937
446,446,9.399988,90.12963,324.89206,2521.1650597142666,77.800006,50.0,21.696021785635956
447,447,9.899988,68.18519,252.14818,2435.5465291443584,77.550006,50.0,21.149419487117097
448,448,9.6,47.648148,141.90419,2382.9214822892054,77.7,50.0,20.58039384976772
449,449,8.300013,18.322916,27.1018,2469.5844736771764,78.3499935,50.0,20.83985249230795
450,450,6.700006,0.17708333,0.15833333,2628.691781476532,79.149997,50.0,21.573711720525555
451,451,6.1,0.0,0.0,2741.6313940961804,79.45,50.0,22.27139823475179
452,452,5.6,0.0,0.0,2957.9518187490635,79.7,49.99999999999999,23.82639649081777
453,453,5.1,0.0,0.0,2969.704044356555,79.95,50.0,23.721386076926898
454,454,4.499994,0.0,0.0,2896.819861424801,80.250003,50.0,22.90972022726805
455,455,3.9999938,0.0,0.0,2699.382282729239,80.5000031,50.0,21.173284244770738
456,456,3.3999877,0.0,0.0,2443.1702211342376,80.80000615,50.0,18.97695996157901
457,457,2.8999877,0.0,0.0,2454.048406790152,81.05000615,49.99999999999999,18.9079808051737
458,458,2.3999877,0.0,0.0,2572.310268563556,81.30000615,50.00000000000001,19.660866159726595
459,459,1.8999878,0.0,0.0,2648.88836435887,81.5500061,50.0,20.08574414586527
460,460,1.6,0.0,0.0,2749.7096823232905,81.7,50.0,20.75158620985684
461,461,1.3000122,0.0,0.0,2952.947399196819,81.8499939,50.0,22.180435840502145
462,462,1.1,0.0,0.0,3246.264058709228,81.95,50.0,24.3072987750689
463,463,0.8999878,0.0,0.0,3716.669172045324,82.0500061,50.0,27.742749924689186
464,464,0.7000061,0.0,0.0,3877.116916001677,82.14999695,50.0,28.850389426174345
465,465,0.80001223,29.804478,27.553333,3707.9596286682954,82.099993885,50.0,27.63463708677251
466,466,2.1,90.88626,94.74939,3443.5930779597365,81.45,50.0,26.19478840081649
467,467,3.4999938,111.07007,112.151665,3221.200233841073,80.7500031,50.0,25.06087765279667
468,468,3.8999877,126.44284,129.46289,2983.096274140224,80.55000615,50.0,23.36036831623768
469,469,4.700006,174.23386,193.44731,2795.188848529039,80.149997,50.0,22.17928798318861
470,470,5.6,170.82109,235.80188,2742.4841775299387,79.7,49.99999999999999,22.09079775047071
471,471,6.3999877,117.93433,248.66978,2604.240779135061,79.30000615,50.0,21.26361703309484
472,472,7.1,59.935646,197.28615,2594.892038604703,78.95,50.0,21.44343934522236
473,473,6.800012,15.212053,45.433765,2652.6028285604075,79.099994,50.0,21.807357696517037
474,474,5.700006,1.734375,0.65217394,2852.01455011205,79.649997,50.0,23.011811151473427
475,475,5.1,0.0,0.0,2981.6440549637914,79.95,50.00000000000001,23.81676042977364
476,476,4.6,0.0,0.0,3006.609956027854,80.2,50.0,23.817373459455727
477,477,3.9999938,0.0,0.0,2989.672244835669,80.5000031,50.0,23.450246615164907
478,478,3.3999877,0.0,0.0,2893.1315774790705,80.80000615,50.0,22.47196762406169
479,479,2.800012,0.0,0.0,2671.019361826344,81.099994,50.0,20.546622849087257
480,480,2.200006,0.0,0.0,2454.881716686973,81.399997,50.0,18.70357747866573
481,481,1.7000061,0.0,0.0,2470.147635230718,81.64999695,50.0,18.67123119398206
482,482,1.2000061,0.0,0.0,2603.908273000104,81.89999695,50.0,19.52804459182512
483,483,0.7000061,0.0,0.0,2675.989484753341,82.14999695,49.99999999999999,19.912564002609027
484,484,0.4999939,0.0,0.0,2763.349931585996,82.25000305,50.0,20.498866290166895
485,485,0.2000061,0.0,0.0,2944.937197002032,82.39999695,50.0,21.7447684020474
486,486,-6.1035157e-06,0.0,0.0,3239.450687006445,82.50000305175784,50.0,23.84578861112457
487,487,-0.1999878,0.0,0.0,3609.225230740633,82.5999939,50.0,26.486232322236937
488,488,-0.4,3.4262295,0.0,3827.17185672635,82.7,50.00000000000001,27.999735574428623
489,489,0.1,48.800713,74.125946,3777.526108330655,82.45,50.0,27.849441601954084
490,490,3.300012,65.48877,211.70052,3618.1818318465066,80.849994,50.0,28.05814936872266
491,491,6.300012,47.647663,327.32196,3295.715352494279,79.349994,50.0,26.863673257380444
492,492,8.899988,49.761627,394.48462,2918.641467175826,78.050006,50.0,24.89267151845751
493,493,10.800013,49.5,415.96405,2716.3618454357343,77.0999935,50.0,23.979612077912694
494,494,12.1,48.5,378.2779,2582.388795952405,76.45,50.0,23.357140365521342
495,495,12.6,46.465,294.5864,2484.6018168460987,76.2,50.0,22.68711253922805
496,496,12.2000065,40.118332,173.90318,2416.0752051561594,76.39999675,50.0,21.89426111524664
497,497,10.7000065,16.854166,39.213543,2461.8952762188574,77.14999675,50.0,21.69319455903236
498,498,8.7000065,0.4375,0.0,2589.703301491548,78.14999675,50.0,22.008750120938057
499,499,8.1,0.0,0.0,2643.8373869965726,78.45,50.0,22.231879878209675
500,500,7.499994,0.0,0.0,2658.87560997778,78.750003,50.0,22.12502877079192
501,501,6.8999877,0.0,0.0,2637.594554804379,79.05000615,50.0,21.72128566005887
502,502,6.200006,0.0,0.0,2595.658740074811,79.399997,50.0,21.12146441540519
503,503,5.6,0.0,0.0,2431.3628499742395,79.7,50.00000000000001,19.58470550782336
504,504,4.999994,0.0,0.0,2211.23166268953,80.000003,50.0,17.633424573894626
505,505,4.3999877,0.0,0.0,2181.0778879341515,80.30000615,50.0,17.220754537876534
506,506,3.800012,0.0,0.0,2206.9457774589782,80.599994,50.0,17.254168700890713
507,507,3.200006,0.0,0.0,2263.4521891190057,80.899997,50.0,17.524135650358982
508,508,2.8999877,0.0,0.0,2444.7951385935457,81.05000615,50.0,18.83668611638009
509,509,2.6,0.0,0.0,2685.555853099894,81.2,50.0,20.59222682109476
510,510,2.300012,0.0,0.0,2960.242025250762,81.349994,50.0,22.58985670203191
511,511,2.200006,0.0,0.0,3381.9553029975805,81.399997,50.0,25.766888322573067
512,512,1.9999939,3.4207318,0.0,3617.400394105957,81.50000305,50.0,27.47322885888784
513,513,2.4999938,49.392376,73.641426,3452.4703009964514,81.2500031,50.0,26.430392026881773
514,514,5.3999877,66.48114,213.467,3183.4748303809447,79.80000615,50.0,25.5569359798079
515,515,8.2000065,48.0777,328.8275,2880.324970535596,78.39999675,50.0,24.2631351518826
516,516,10.6,49.544716,401.15344,2665.875381497784,77.2,49.99999999999999,23.447398162624744
517,517,12.399988,50.166668,419.56854,2411.859517775446,76.300006,50.0,21.93915410647717
518,518,13.6,49.25,383.96768,2334.405070549782,75.7,50.0,21.730354574775024
519,519,14.1,46.20238,299.43973,2271.804155684123,75.45,50.0,21.355356273057435
520,520,13.7000065,40.825397,174.44751,2252.1531194333847,75.64999675,50.0,21.00556259542752
521,521,12.399988,18.174603,39.561264,2221.3837306667265,76.300006,50.0,20.206516854542578
522,522,10.7000065,0.4642857,0.0,2248.4942577298834,77.14999675,50.0,19.81279377273773
523,523,9.800013,0.0,0.0,2315.7765934808867,77.5999935,50.0,20.072959042916445
524,524,8.899988,0.0,0.0,2382.462476604729,78.050006,50.0,20.31967835109209
525,525,7.999994,0.0,0.0,2390.8370160206955,78.500003,50.0,20.069140975016094
526,526,7.1,0.0,0.0,2321.0382393903305,78.95,50.000000000000014,19.18039053797036
527,527,6.200006,0.0,0.0,2155.546175077629,79.399997,50.0,17.54016856289541
528,528,5.3999877,0.0,0.0,2002.2347907241583,79.80000615,50.0,16.0739409260409
529,529,4.300012,0.0,0.0,2036.3061498924176,80.349994,50.0,16.051224962811382
530,530,3.200006,0.0,0.0,2044.6586007130536,80.899997,50.0,15.830188439507104
531,531,2.1,0.0,0.0,2144.1917799023377,81.45,50.0,16.310478239952054
532,532,1.4999939,0.0,0.0,2215.2320368633523,81.75000305,50.0,16.691646189666237
533,533,0.8999878,0.0,0.0,2446.420461670044,82.0500061,50.0,18.261090222728875
534,534,0.3000122,0.0,0.0,2830.5282717362998,82.3499939,49.99999999999999,20.932302977068694
535,535,-0.100012206,0.0,0.0,3237.0737404085075,82.550006103,50.0,23.79168694073693
536,536,-0.5000061,3.7615385,0.0,3423.8483800879458,82.75000305,49.99999999999999,25.01076051883384
537,537,-0.100012206,51.32028,75.76434,3337.840298361076,82.550006103,50.0,24.532296081324684
538,538,2.800012,67.606705,220.33849,3059.8100004022717,81.099994,50.0,23.537366657328796
539,539,5.3999877,48.311474,331.14804,2803.7305713977253,79.80000615,50.0,22.508349063739093
540,540,7.6,50.0,400.8165,2603.0201885308456,78.7,50.0,21.69798266617913
541,541,9.300013,50.0,421.63593,2421.572730512124,77.8499935,50.0,20.801571093355644
542,542,10.300013,49.333332,388.50818,2310.049609643764,77.3499935,49.99999999999999,20.20634656762157
543,543,10.7000065,46.20238,302.7698,2261.751753989679,77.14999675,50.0,19.92961330137792
544,544,10.300013,40.825397,178.52615,2218.799384443386,77.3499935,50.0,19.40816731334283
545,545,8.899988,18.174603,41.620403,2263.3170145818485,78.050006,50.0,19.30350391431885
546,546,6.999994,0.4642857,0.0,2419.5180375267555,79.000003,50.0,19.959724362578875
547,547,6.1,0.0,0.0,2522.28440131915,79.45,50.0,20.48955249201185
548,548,5.1,0.0,0.0,2550.13218317234,79.95,50.0,20.36993220896342
549,549,4.1,0.0,0.0,2699.621695708653,80.45,50.0,21.20993467767108
550,550,3.200006,0.0,0.0,2813.6369071267814,80.899997,50.0,21.7837845519227
551,551,2.200006,0.0,0.0,2638.092937694639,81.399997,50.0,20.099451358773656
552,552,1.3000122,0.0,0.0,2331.185918405534,81.8499939,50.0,17.51020682235649
553,553,0.6,0.0,0.0,2406.0257717241416,82.2,49.99999999999999,17.875908435051123
554,554,-0.1999878,0.0,0.0,2465.723159664334,82.5999939,50.0,18.09466361172151
555,555,-0.9,0.0,0.0,2585.980221279989,82.95,50.00000000000001,18.775585897728103
556,556,-1.2999939,0.0,0.0,2700.0418388562707,83.14999695,50.0,19.48546253636459
557,557,-1.7999939,0.0,0.0,2871.672228447487,83.39999695,49.99999999999999,20.56895174255116
558,558,-2.199988,0.0,0.0,3324.539363694341,83.599994,49.99999999999999,23.67096688711972
559,559,-2.5000062,0.0,0.0,3934.7913875447302,83.7500031,50.0,27.891483438787088
560,560,-2.799994,0.0,0.0,4124.55457556289,83.899997,50.00000000000001,29.10724577329715
561,561,-2.699988,33.133293,34.270832,4019.445215305988,83.849994,50.0,28.40738360034185
562,562,-1.6000122,97.09074,100.3461,3742.935674710692,83.3000061,50.0,26.89005983783745
563,563,-0.6000122,148.19963,156.25807,3522.6846131138627,82.8000061,49.99999999999999,25.69351702343159
564,564,0.3000122,178.59273,192.97058,3302.2494264653324,82.3499939,49.99999999999999,24.42077197774177
565,565,0.9999939,185.56512,200.5845,3206.451800549702,82.00000305,50.0,23.971676846103428
566,566,1.3999878,172.6827,185.69492,3107.63764893868,81.8000061,50.00000000000001,23.379051584511625
567,567,1.4999939,130.41376,134.0,3011.465383571007,81.75000305,50.0,22.691218733983792
568,568,1.2000061,71.46804,72.0,3059.252688059737,81.89999695,50.0,22.94290606529711
569,569,0.4999939,14.121047,13.586957,3165.4719546639667,82.25000305,50.00000000000001,23.481856424418822
570,570,-0.2999939,0.1534091,0.16304348,3328.18955386196,82.64999695,50.0,24.38645240417683
571,571,-0.6000122,0.0,0.0,3532.927913536985,82.8000061,50.0,25.768228910160783
572,572,-0.7999939,0.0,0.0,3530.146282583902,82.89999695,50.0,25.669686376337847
573,573,-1.0000061,0.0,0.0,3499.763729963384,83.00000305,50.00000000000001,25.371635540817767
574,574,-1.1999878,0.0,0.0,3509.536662576759,83.0999939,50.0,25.36562619689137
575,575,-1.5000061,0.0,0.0,3299.6608742681906,83.25000305,50.0,23.74112725540569
576,576,-1.6999878,0.0,0.0,3061.719537366864,83.3499939,50.0,21.96308614148644
577,577,-2.199988,0.0,0.0,2988.5080335322505,83.599994,49.99999999999999,21.278398889229425
578,578,-1.5000061,0.0,0.0,2977.541359412818,83.25000305,50.0,21.42347077947253
579,579,-1.4,0.0,0.0,3068.857631677813,83.2,50.0,22.11374900327011
580,580,-1.5000061,0.0,0.0,3092.936418864573,83.25000305,50.00000000000001,22.253740584607225
581,581,-1.5000061,0.0,0.0,3191.683188898193,83.25000305,50.0,22.964225607995683
582,582,-1.2999939,0.0,0.0,3398.8041940925864,83.14999695,49.99999999999999,24.52823909591104
583,583,-1.1999878,0.0,0.0,3749.760509743425,83.0999939,50.0,27.10187485210129
584,584,-1.1999878,3.3,3.3,3842.883940536637,83.0999939,50.0,27.77493638779084
585,585,-0.5000061,40.134377,40.134377,3695.490050121557,82.75000305,50.0,26.995067065717866
586,586,0.8999878,83.132935,83.132935,3591.6583954562243,82.0500061,50.0,26.80961798523975
587,587,1.8999878,114.610016,114.610016,3347.2103327664336,81.5500061,50.0,25.380914972087016
588,588,2.800012,141.84767,141.84767,3150.083805590144,81.099994,50.0,24.23179136081687
589,589,3.3999877,129.74864,129.74864,3001.307791100164,80.80000615,50.0,23.312210214170573
590,590,3.6,106.263115,106.263115,2834.687121608305,80.7,50.0,22.08973334794433
591,591,3.6,72.831825,72.831825,2830.808292277582,80.7,50.0,22.059506976587613
592,592,3.1,33.5369,33.5369,2800.230341129416,80.95,50.0,21.64496170802897
593,593,2.4999938,8.516387,8.516387,2832.857145370294,81.2500031,50.0,21.686942502207792
594,594,1.8000122,0.078125,0.078125,2942.7568647503463,81.5999939,50.0,22.27876440565593
595,595,2.200006,0.0,0.0,3080.08641307719,81.399997,50.00000000000001,23.466969702198764
596,596,2.700006,0.0,0.0,3183.030024241804,81.149997,50.0,24.445923266749723
597,597,3.1,0.0,0.0,3213.781963976191,80.95,50.0,24.84159482400376
598,598,3.6,0.0,0.0,3196.6418872803342,80.7,50.00000000000001,24.91032126989336
599,599,3.9999938,0.0,0.0,2995.042288376576,80.5000031,50.0,23.49236790307061
600,600,4.499994,0.0,0.0,2733.216964943749,80.250003,50.0,21.615854275621317
601,601,4.1,0.0,0.0,2721.466387492832,80.45,50.0,21.381560386018588
602,602,3.6,0.0,0.0,2734.584239019187,80.7,50.00000000000001,21.3096663109517
603,603,4.3999877,0.0,0.0,2769.4825520019267,80.30000615,50.0,21.86651815086254
604,604,4.6,0.0,0.0,2749.800152565355,80.2,50.0,21.783010809637148
605,605,4.6,0.0,0.0,2817.884180501363,80.2,50.0,22.322350046748653
606,606,4.700006,0.0,0.0,3008.8048011976502,80.149997,50.00000000000001,23.874289640959816
607,607,4.800012,0.0,0.0,3130.6198497984315,80.099994,50.0,24.88213509865345
608,608,4.800012,0.028846154,0.028846154,3205.253671044199,80.099994,50.0,25.475323959730133
609,609,5.1,21.00469,21.00469,3020.231499968492,79.95,50.0,24.124989016530677
610,610,6.200006,59.81205,59.81205,2791.811396828353,79.399997,50.0,22.717603112546755
611,611,7.1,89.26379,89.26379,2675.806421171429,78.95,50.0,22.11209246408532
612,612,7.999994,115.140625,115.140625,2559.250042555519,78.500003,50.00000000000001,21.4828319748242
613,613,8.800013,126.83088,126.83088,2415.689742493963,78.0999935,50.0,20.566417794305487
614,614,9.300013,118.38006,118.38006,2323.5663107109995,77.8499935,50.0,19.959685370325065
615,615,9.499994,98.74361,98.74361,2260.0782875434543,77.750003,50.0,19.484271246266584
616,616,9.6,61.031033,61.031033,2221.194559199073,77.7,50.0,19.183619428938496
617,617,9.2000065,15.78715,15.78715,2300.220988731396,77.89999675,50.0,19.723733572381857
618,618,8.6,0.0,0.0,2435.686802285316,78.2,50.0,20.663127373556243
619,619,8.1,0.0,0.0,2529.111049686866,78.45,50.0,21.267152560833367
620,620,7.6,0.0,0.0,2715.235954367693,78.7,50.0,22.63337907713596
621,621,7.1,0.0,0.0,2719.1801803156977,78.95,50.0,22.47052069907444
622,622,6.6,0.0,0.0,2648.0050699478443,79.2,49.99999999999999,21.695001228516773
623,623,6.1,0.0,0.0,2468.3017922171266,79.45,49.99999999999999,20.05102957910273
624,624,5.6,0.0,0.0,2237.490895973914,79.7,50.0,18.023060718620936
625,625,4.800012,0.0,0.0,2241.8132213540384,80.099994,50.0,17.817908949651045
626,626,3.9999938,0.0,0.0,2348.576749246633,80.5000031,49.99999999999999,18.42165276130564
627,627,3.200006,0.0,0.0,2423.130173061151,80.899997,50.0,18.76039708518396
628,628,2.800012,0.0,0.0,2524.7273196214146,81.099994,50.0,19.421281917469237
629,629,2.300012,0.0,0.0,2720.6147737804285,81.349994,49.99999999999999,20.761240924523637
630,630,1.8999878,0.0,0.0,2997.5900077442257,81.5500061,50.0,22.729846512171
631,631,1.6,0.0,0.0,3438.539730540609,81.7,50.0,25.95006815193734
632,632,1.3000122,3.2034574,0.0,3601.649682218578,81.8499939,50.0,27.053024960127157
633,633,1.8000122,50.519367,75.0,3455.5216855676963,81.5999939,50.0,26.160759134930743
634,634,4.499994,82.006546,203.0,3198.8930563209706,80.250003,50.0,25.29868906698888
635,635,7.200006,68.20445,324.51578,2966.115425752624,78.899997,50.0,24.553531677074155
636,636,9.6,60.14488,406.71136,2702.7674701290703,77.7,50.0,23.342782980058644
637,637,11.499994,83.27129,411.27618,2483.3954578562334,76.750003,50.0,22.2098571689364
638,638,12.499994,100.8375,360.9287,2386.9465223974453,76.250003,50.0,21.75389610028332
639,639,12.800013,92.490135,264.55768,2231.0387211555185,76.0999935,50.0,20.449864129299595
640,640,12.2000065,73.43124,152.54256,2196.4631220783863,76.39999675,50.0,19.904155724194773
641,641,10.800013,28.983871,39.08344,2227.777920341406,77.0999935,50.0,19.66647058280877
642,642,8.999994,0.9072581,0.0,2379.8127237030453,78.000003,50.0,20.33332594602817
643,643,8.1,0.0,0.0,2481.9055347916656,78.45,50.0,20.87020404126828
644,644,7.200006,0.0,0.0,2508.6487623047124,78.899997,50.0,20.766618290409976
645,645,6.300012,0.0,0.0,2507.2730944449927,79.349994,50.0,20.43700925967889
646,646,5.499994,0.0,0.0,2445.3036604666804,79.750003,50.0,19.66389299892615
647,647,4.6,0.0,0.0,2284.7216365292948,80.2,50.0,18.098812038794755
648,648,3.700006,0.0,0.0,2127.684480255318,80.649997,50.0,16.607356467225802
649,649,2.8999877,0.0,0.0,2151.0065634024454,81.05000615,50.0,16.573100473520498
650,650,2.1,0.0,0.0,2281.8097203386974,81.45,50.0,17.357312969920336
651,651,1.2000061,0.0,0.0,2367.353126656871,81.89999695,50.0,17.753996137770304
652,652,0.7000061,0.0,0.0,2474.094612457849,82.14999695,50.0,18.41022455423369
653,653,0.3000122,0.0,0.0,2663.131725777333,82.3499939,50.0,19.69437320533091
654,654,-0.1999878,0.0,0.0,2952.8815700074256,82.5999939,50.00000000000001,21.66966655811037
655,655,-0.5000061,0.0,0.0,3315.4849961669647,82.75000305,50.0,24.219180301666498
656,656,-0.9,2.2894738,0.0,3548.0970359229696,82.95,50.0,25.76106349277192
657,657,-0.4,43.810528,62.43226,3534.577672247352,82.7,50.0,25.85910533812791
658,658,1.7000061,103.117744,172.21774,3427.734049049237,81.64999695,50.0,25.909388567904276
659,659,3.700006,136.45726,264.4625,3170.1043804450496,80.649997,50.0,24.74382549335858
660,660,5.3999877,162.46136,314.93585,2856.324836671954,79.80000615,50.0,22.930575826046372
661,661,6.700006,168.98863,329.32175,2705.7633162060915,79.149997,50.0,22.206238928101044
662,662,7.3999877,177.68367,289.37866,2621.645110018568,78.80000615,50.00000000000001,21.777350396964888
663,663,7.6,161.81633,214.7565,2571.746244952254,78.7,50.0,21.437292607507576
664,664,7.1,98.5,125.472694,2548.7558743793816,78.95,50.0,21.062183391422117
665,665,5.8999877,33.5,26.773005,2642.73802376419,79.55000615,50.00000000000001,21.39539239916805
666,666,4.499994,0.0,0.024038462,2820.0099617765045,80.250003,50.0,22.302263293179816
667,667,4.1,0.0,0.0,2913.334957466714,80.45,50.0,22.889001166448363
668,668,3.800012,0.0,0.0,2956.4737584325326,80.599994,50.0,23.114069003763515
669,669,3.3999877,0.0,0.0,2952.378473395039,80.80000615,50.0,22.932159043357565
670,670,2.9999938,0.0,0.0,2916.964098460608,81.0000031,50.0,22.51091068655832
